<?xml version="1.0"?>
<opencv_storage>
<CameraMatrix type_id="opencv-matrix">
  <rows>3</rows>
  <cols>3</cols>
  <dt>f</dt>
  <data>
    4.93429016e+02 0. 3.32478577e+02 0. 4.96562592e+02 2.19564056e+02 0.
    0. 1.</data></CameraMatrix>
<DistortionCoeffs type_id="opencv-matrix">
  <rows>5</rows>
  <cols>1</cols>
  <dt>f</dt>
  <data>
    -3.61535132e-01 1.90128699e-01 -2.50969551e-05 8.56701285e-04
    -6.36657476e-02</data></DistortionCoeffs>
<RotationValues type_id="opencv-matrix">
  <rows>3</rows>
  <cols>1</cols>
  <dt>f</dt>
  <data>
    8.10490191e-01 2.09462714e+00 -1.53784025e+00</data></RotationValues>
<TranslationValues type_id="opencv-matrix">
  <rows>3</rows>
  <cols>1</cols>
  <dt>f</dt>
  <data>
    -1.49279388e+02 7.41024841e+02 4.22226807e+03</data></TranslationValues>
</opencv_storage>
