<?xml version="1.0"?>
<opencv_storage>
<CameraMatrix type_id="opencv-matrix">
  <rows>3</rows>
  <cols>3</cols>
  <dt>f</dt>
  <data>
    493.4290109136091 0 332.4785756635922
    0 496.5625931286195 219.564056511344
    0 0 1
  </data>
</CameraMatrix>
<DistortionCoeffs type_id="opencv-matrix">
  <rows>5</rows>
  <cols>1</cols>
  <dt>f</dt>
  <data>
    -0.3615351446283645
    0.1901286941604867
    -2.509695455224333e-05
    0.0008567012973092596
    -0.06366575060071916
  </data>
</DistortionCoeffs>
</opencv_storage>
