<?xml version="1.0"?>
<opencv_storage>
<CameraMatrix type_id="opencv-matrix">
  <rows>3</rows>
  <cols>3</cols>
  <dt>d</dt>
  <data>
    4.9573220234240051e+02 0. 3.2891737819990908e+02 0.
    4.9950540776739911e+02 2.2203067072452089e+02 0. 0. 1.</data></CameraMatrix>
<DistortionCoeffs type_id="opencv-matrix">
  <rows>5</rows>
  <cols>1</cols>
  <dt>d</dt>
  <data>
    -3.6235242054766043e-01 1.8113577601351266e-01
    -4.2339235692709506e-04 1.4010517608102333e-05
    -5.0697840581378245e-02</data></DistortionCoeffs>
</opencv_storage>
