<?xml version="1.0"?>
<opencv_storage>
<CameraMatrix type_id="opencv-matrix">
  <rows>3</rows>
  <cols>3</cols>
  <dt>d</dt>
  <data>
    4.8757842192351546e+02 0. 3.3019444701032376e+02 0.
    4.8958100325458611e+02 2.2989026298540352e+02 0. 0. 1.</data></CameraMatrix>
<DistortionCoeffs type_id="opencv-matrix">
  <rows>5</rows>
  <cols>1</cols>
  <dt>d</dt>
  <data>
    -3.7025888245853200e-01 2.1008689101579534e-01
    3.3130525370368659e-04 2.5208487040269867e-04
    -8.2232101365298876e-02</data></DistortionCoeffs>
</opencv_storage>
