<?xml version="1.0"?>
<opencv_storage>
<CameraMatrix type_id="opencv-matrix">
  <rows>3</rows>
  <cols>3</cols>
  <dt>f</dt>
  <data>
    487.40316870307 0 320.0028967543054
    0 486.2170795294805 237.2590709490582
    0 0 1
  </data>
</CameraMatrix>
<DistortionCoeffs type_id="opencv-matrix">
  <rows>5</rows>
  <cols>1</cols>
  <dt>f</dt>
  <data>
    -0.3637717112709661
    0.1800762640005308
    0.0009490067751327343
    -0.0002180703360571839
    -0.05156794510834376
  </data>
</DistortionCoeffs>
</opencv_storage>
