<?xml version="1.0"?>
<opencv_storage>
<CornersAmount>48</CornersAmount>
<Corner_0>
  398 410</Corner_0>
<Corner_1>
  397 398</Corner_1>
<Corner_2>
  396 387</Corner_2>
<Corner_3>
  395 377</Corner_3>
<Corner_4>
  394 368</Corner_4>
<Corner_5>
  393 359</Corner_5>
<Corner_6>
  392 350</Corner_6>
<Corner_7>
  392 342</Corner_7>
<Corner_8>
  417 410</Corner_8>
<Corner_9>
  416 398</Corner_9>
<Corner_10>
  413 387</Corner_10>
<Corner_11>
  412 377</Corner_11>
<Corner_12>
  410 368</Corner_12>
<Corner_13>
  409 359</Corner_13>
<Corner_14>
  408 350</Corner_14>
<Corner_15>
  406 341</Corner_15>
<Corner_16>
  435 409</Corner_16>
<Corner_17>
  433 398</Corner_17>
<Corner_18>
  431 388</Corner_18>
<Corner_19>
  429 377</Corner_19>
<Corner_20>
  427 368</Corner_20>
<Corner_21>
  425 358</Corner_21>
<Corner_22>
  423 350</Corner_22>
<Corner_23>
  421 341</Corner_23>
<Corner_24>
  453 409</Corner_24>
<Corner_25>
  450 398</Corner_25>
<Corner_26>
  447 387</Corner_26>
<Corner_27>
  445 377</Corner_27>
<Corner_28>
  442 368</Corner_28>
<Corner_29>
  441 359</Corner_29>
<Corner_30>
  438 350</Corner_30>
<Corner_31>
  437 342</Corner_31>
<Corner_32>
  471 408</Corner_32>
<Corner_33>
  468 396</Corner_33>
<Corner_34>
  464 386</Corner_34>
<Corner_35>
  461 376</Corner_35>
<Corner_36>
  459 368</Corner_36>
<Corner_37>
  456 359</Corner_37>
<Corner_38>
  454 350</Corner_38>
<Corner_39>
  452 342</Corner_39>
<Corner_40>
  488 408</Corner_40>
<Corner_41>
  484 396</Corner_41>
<Corner_42>
  481 386</Corner_42>
<Corner_43>
  478 376</Corner_43>
<Corner_44>
  475 367</Corner_44>
<Corner_45>
  472 358</Corner_45>
<Corner_46>
  469 350</Corner_46>
<Corner_47>
  466 341</Corner_47>
</opencv_storage>
